Linux 4.14.88-88.76.amzn2.x86_64 (localhost) 	2019-02-22 	_x86_64_	(1 CPU)

18:43:44          LINUX RESTART

18:50:01        CPU      %usr     %nice      %sys   %iowait    %steal      %irq     %soft    %guest    %gnice     %idle
19:00:01        all      0.04      0.00      0.04      0.02      0.01      0.00      0.00      0.00      0.00     99.90
19:00:01          0      0.04      0.00      0.04      0.02      0.01      0.00      0.00      0.00      0.00     99.90
19:10:01        all      0.01      0.00      0.01      0.00      0.01      0.00      0.00      0.00      0.00     99.98
19:10:01          0      0.01      0.00      0.01      0.00      0.01      0.00      0.00      0.00      0.00     99.98
19:20:01        all      0.01      0.62      1.11      0.71      0.03      0.00      0.00      0.00      0.00     97.52
19:20:01          0      0.01      0.62      1.11      0.71      0.03      0.00      0.00      0.00      0.00     97.52
19:30:01        all      0.00      0.00      0.00      0.00      0.00      0.00      0.00      0.00      0.00     99.99
19:30:01          0      0.00      0.00      0.00      0.00      0.00      0.00      0.00      0.00      0.00     99.99
19:40:01        all      0.01      0.00      0.01      0.00      0.00      0.00      0.00      0.00      0.00     99.98
19:40:01          0      0.01      0.00      0.01      0.00      0.00      0.00      0.00      0.00      0.00     99.98
19:50:01        all      0.00      0.00      0.00      0.00      0.01      0.00      0.00      0.00      0.00     99.99
19:50:01          0      0.00      0.00      0.00      0.00      0.01      0.00      0.00      0.00      0.00     99.99
20:00:01        all      0.00      0.00      0.01      0.00      0.00      0.00      0.00      0.00      0.00     99.99
20:00:01          0      0.00      0.00      0.01      0.00      0.00      0.00      0.00      0.00      0.00     99.99
20:10:01        all      0.01      0.00      0.01      0.00      0.00      0.00      0.00      0.00      0.00     99.98
20:10:01          0      0.01      0.00      0.01      0.00      0.00      0.00      0.00      0.00      0.00     99.98
20:20:01        all      0.00      0.00      0.01      0.00      0.00      0.00      0.00      0.00      0.00     99.99
20:20:01          0      0.00      0.00      0.01      0.00      0.00      0.00      0.00      0.00      0.00     99.99
20:30:01        all      0.01      0.00      0.01      0.00      0.01      0.00      0.00      0.00      0.00     99.98
20:30:01          0      0.01      0.00      0.01      0.00      0.01      0.00      0.00      0.00      0.00     99.98
20:40:01        all      0.00      0.00      0.00      0.00      0.00      0.00      0.00      0.00      0.00     99.99
20:40:01          0      0.00      0.00      0.00      0.00      0.00      0.00      0.00      0.00      0.00     99.99

20:40:01        CPU      %usr     %nice      %sys   %iowait    %steal      %irq     %soft    %guest    %gnice     %idle
20:50:01        all      0.00      0.00      0.00      0.00      0.00      0.00      0.00      0.00      0.00     99.99
20:50:01          0      0.00      0.00      0.00      0.00      0.00      0.00      0.00      0.00      0.00     99.99
21:00:01        all      0.01      0.00      0.01      0.00      0.00      0.00      0.00      0.00      0.00     99.98
21:00:01          0      0.01      0.00      0.01      0.00      0.00      0.00      0.00      0.00      0.00     99.98
21:10:01        all      0.01      0.00      0.01      0.00      0.00      0.00      0.00      0.00      0.00     99.98
21:10:01          0      0.01      0.00      0.01      0.00      0.00      0.00      0.00      0.00      0.00     99.98
21:20:01        all      0.01      0.00      0.01      0.00      0.01      0.00      0.00      0.00      0.00     99.98
21:20:01          0      0.01      0.00      0.01      0.00      0.01      0.00      0.00      0.00      0.00     99.98
21:30:01        all      0.01      0.00      0.00      0.00      0.00      0.00      0.00      0.00      0.00     99.99
21:30:01          0      0.01      0.00      0.00      0.00      0.00      0.00      0.00      0.00      0.00     99.99
21:40:01        all      0.00      0.00      0.00      0.00      0.00      0.00      0.00      0.00      0.00     99.99
21:40:01          0      0.00      0.00      0.00      0.00      0.00      0.00      0.00      0.00      0.00     99.99
21:50:01        all      0.01      0.00      0.01      0.00      0.00      0.00      0.00      0.00      0.00     99.98
21:50:01          0      0.01      0.00      0.01      0.00      0.00      0.00      0.00      0.00      0.00     99.98
22:00:01        all      0.00      0.00      0.01      0.00      0.00      0.00      0.00      0.00      0.00     99.99
22:00:01          0      0.00      0.00      0.01      0.00      0.00      0.00      0.00      0.00      0.00     99.99
22:10:01        all      0.02      0.00      0.00      0.00      0.00      0.00      0.00      0.00      0.00     99.98
22:10:01          0      0.02      0.00      0.00      0.00      0.00      0.00      0.00      0.00      0.00     99.98
22:20:01        all      0.00      0.00      0.00      0.00      0.00      0.00      0.00      0.00      0.00     99.99
22:20:01          0      0.00      0.00      0.00      0.00      0.00      0.00      0.00      0.00      0.00     99.99
22:30:01        all      0.00      0.00      0.01      0.00      0.01      0.00      0.00      0.00      0.00     99.98
22:30:01          0      0.00      0.00      0.01      0.00      0.01      0.00      0.00      0.00      0.00     99.98

22:30:01        CPU      %usr     %nice      %sys   %iowait    %steal      %irq     %soft    %guest    %gnice     %idle
22:40:01        all      0.01      0.00      0.01      0.00      0.01      0.00      0.00      0.00      0.00     99.98
22:40:01          0      0.01      0.00      0.01      0.00      0.01      0.00      0.00      0.00      0.00     99.98
22:50:01        all      0.00      0.00      0.00      0.00      0.00      0.00      0.00      0.00      0.00     99.99
22:50:01          0      0.00      0.00      0.00      0.00      0.00      0.00      0.00      0.00      0.00     99.99
23:00:01        all      0.01      0.00      0.01      0.00      0.00      0.00      0.00      0.00      0.00     99.98
23:00:01          0      0.01      0.00      0.01      0.00      0.00      0.00      0.00      0.00      0.00     99.98
23:10:01        all      0.01      0.00      0.01      0.00      0.01      0.00      0.00      0.00      0.00     99.98
23:10:01          0      0.01      0.00      0.01      0.00      0.01      0.00      0.00      0.00      0.00     99.98
23:20:01        all      0.00      0.00      0.00      0.00      0.00      0.00      0.00      0.00      0.00     99.99
23:20:01          0      0.00      0.00      0.00      0.00      0.00      0.00      0.00      0.00      0.00     99.99
23:30:01        all      0.01      0.00      0.01      0.00      0.00      0.00      0.00      0.00      0.00     99.98
23:30:01          0      0.01      0.00      0.01      0.00      0.00      0.00      0.00      0.00      0.00     99.98
23:40:01        all      0.00      0.00      0.00      0.00      0.00      0.00      0.00      0.00      0.00     99.99
23:40:01          0      0.00      0.00      0.00      0.00      0.00      0.00      0.00      0.00      0.00     99.99
23:50:01        all      0.01      0.00      0.01      0.00      0.00      0.00      0.00      0.00      0.00     99.98
23:50:01          0      0.01      0.00      0.01      0.00      0.00      0.00      0.00      0.00      0.00     99.98
Average:        all      0.01      0.02      0.04      0.02      0.00      0.00      0.00      0.00      0.00     99.90
Average:          0      0.01      0.02      0.04      0.02      0.00      0.00      0.00      0.00      0.00     99.90

18:50:01       proc/s   cswch/s
19:00:01         0.15     43.14
19:10:01         0.04     26.83
19:20:01        47.92    189.56
19:30:01         0.01     20.68
19:40:01         0.08     24.27
19:50:01         0.01     25.64
20:00:01         0.02     22.31
20:10:01         0.10     21.10
20:20:01         0.01     20.46
20:30:01         0.08     21.82
20:40:01         0.01     22.97
20:50:01         0.01     25.00
21:00:01         0.08     19.99
21:10:01         0.04     24.04
21:20:01         0.08     22.93
21:30:01         0.01     23.40
21:40:01         0.01     22.08
21:50:01         0.08     26.02
22:00:01         0.01     27.45
22:10:01         0.10     29.98
22:20:01         0.01     21.31
22:30:01         0.01     21.31
22:40:01         0.08     24.24
22:50:01         0.01     23.92
23:00:01         0.08     21.66
23:10:01         0.04     30.48
23:20:01         0.01     20.30
23:30:01         0.08     21.06
23:40:01         0.01     21.66
23:50:01         0.08     22.50
Average:         1.64     29.60

18:50:01     pswpin/s pswpout/s
19:00:01         0.00      0.00
19:10:01         0.00      0.00
19:20:01         0.00      0.00
19:30:01         0.00      0.00
19:40:01         0.00      0.00
19:50:01         0.00      0.00
20:00:01         0.00      0.00
20:10:01         0.00      0.00
20:20:01         0.00      0.00
20:30:01         0.00      0.00
20:40:01         0.00      0.00
20:50:01         0.00      0.00
21:00:01         0.00      0.00
21:10:01         0.00      0.00
21:20:01         0.00      0.00
21:30:01         0.00      0.00
21:40:01         0.00      0.00
21:50:01         0.00      0.00
22:00:01         0.00      0.00
22:10:01         0.00      0.00
22:20:01         0.00      0.00
22:30:01         0.00      0.00
22:40:01         0.00      0.00
22:50:01         0.00      0.00
23:00:01         0.00      0.00
23:10:01         0.00      0.00
23:20:01         0.00      0.00
23:30:01         0.00      0.00
23:40:01         0.00      0.00
23:50:01         0.00      0.00
Average:         0.00      0.00

18:50:01     pgpgin/s pgpgout/s   fault/s  majflt/s  pgfree/s pgscank/s pgscand/s pgsteal/s    %vmeff
19:00:01         1.50      4.23     45.84      0.01     36.53      0.00      0.00      0.00      0.00
19:10:01         0.09      2.42      5.78      0.00      4.21      0.00      0.00      0.00      0.00
19:20:01        73.19     14.51   3756.89      0.05   3114.09      0.00      0.00      0.00      0.00
19:30:01         0.00      1.86      1.79      0.00      1.33      0.00      0.00      0.00      0.00
19:40:01         0.00      2.12     13.34      0.00      9.09      0.00      0.00      0.00      0.00
19:50:01         0.00      1.92      1.78      0.00      1.30      0.00      0.00      0.00      0.00
20:00:01         0.00      2.30      2.77      0.00      2.17      0.00      0.00      0.00      0.00
20:10:01         0.00      2.44     16.19      0.00     11.33      0.00      0.00      0.00      0.00
20:20:01         0.00      2.04      1.95      0.00      1.47      0.00      0.00      0.00      0.00
20:30:01         0.00      2.17     13.59      0.00      9.40      0.00      0.00      0.00      0.00
20:40:01         0.00      1.86      1.95      0.00      1.44      0.00      0.00      0.00      0.00
20:50:01         0.00      2.26      1.96      0.00      1.42      0.00      0.00      0.00      0.00
21:00:01         0.00      2.37     13.73      0.00      9.62      0.00      0.00      0.00      0.00
21:10:01         0.00      2.28      5.33      0.00      3.99      0.00      0.00      0.00      0.00
21:20:01         0.00      2.24     12.91      0.00      8.83      0.00      0.00      0.00      0.00
21:30:01         0.00      2.07      1.95      0.00      1.43      0.00      0.00      0.00      0.00
21:40:01         0.00      1.85      1.96      0.00      1.45      0.00      0.00      0.00      0.00
21:50:01         0.00      2.30     12.91      0.00      8.80      0.00      0.00      0.00      0.00
22:00:01         0.00      2.08      1.96      0.00      1.44      0.00      0.00      0.00      0.00
22:10:01         0.00      2.83     17.08      0.00     11.93      0.00      0.00      0.00      0.00
22:20:01         0.00      2.46      2.04      0.00      1.49      0.00      0.00      0.00      0.00
22:30:01         0.00      2.07      1.98      0.00      1.44      0.00      0.00      0.00      0.00
22:40:01         0.00      2.13     12.88      0.00      8.90      0.00      0.00      0.00      0.00
22:50:01         0.00      2.01      1.95      0.00      1.46      0.00      0.00      0.00      0.00
23:00:01         0.00      2.38     12.88      0.00      8.92      0.00      0.00      0.00      0.00
23:10:01         0.00      2.54      5.36      0.00      4.00      0.00      0.00      0.00      0.00
23:20:01         0.00      2.05      1.96      0.00      1.45      0.00      0.00      0.00      0.00
23:30:01         0.00      2.37     12.91      0.00      8.87      0.00      0.00      0.00      0.00
23:40:01         0.00      1.96      1.95      0.00      1.46      0.00      0.00      0.00      0.00
23:50:01         0.00      2.27     13.75      0.00      9.48      0.00      0.00      0.00      0.00
Average:         2.49      2.68    133.25      0.00    109.58      0.00      0.00      0.00      0.00

18:50:01          tps      rtps      wtps   bread/s   bwrtn/s
19:00:01         0.73      0.05      0.68      3.00      8.47
19:10:01         0.46      0.01      0.45      0.17      4.84
19:20:01        14.44     13.00      1.44    146.37     29.03
19:30:01         0.34      0.00      0.34      0.00      3.72
19:40:01         0.38      0.00      0.38      0.00      4.24
19:50:01         0.34      0.00      0.34      0.00      3.84
20:00:01         0.40      0.00      0.40      0.00      4.59
20:10:01         0.45      0.00      0.45      0.00      4.87
20:20:01         0.37      0.00      0.37      0.00      4.08
20:30:01         0.41      0.00      0.41      0.00      4.34
20:40:01         0.37      0.00      0.37      0.00      3.73
20:50:01         0.39      0.00      0.39      0.00      4.53
21:00:01         0.42      0.00      0.42      0.00      4.75
21:10:01         0.39      0.00      0.39      0.00      4.55
21:20:01         0.39      0.00      0.39      0.00      4.49
21:30:01         0.36      0.00      0.36      0.00      4.13
21:40:01         0.34      0.00      0.34      0.00      3.69
21:50:01         0.41      0.00      0.41      0.00      4.60
22:00:01         0.37      0.00      0.37      0.00      4.15
22:10:01         0.51      0.00      0.51      0.00      5.66
22:20:01         0.45      0.00      0.45      0.00      4.93
22:30:01         0.37      0.00      0.37      0.00      4.14
22:40:01         0.37      0.00      0.37      0.00      4.27
22:50:01         0.36      0.00      0.36      0.00      4.02
23:00:01         0.43      0.00      0.43      0.00      4.75
23:10:01         0.44      0.00      0.44      0.00      5.09
23:20:01         0.37      0.00      0.37      0.00      4.11
23:30:01         0.43      0.00      0.43      0.00      4.74
23:40:01         0.36      0.00      0.36      0.00      3.92
23:50:01         0.41      0.00      0.41      0.00      4.54
Average:         0.87      0.44      0.44      4.98      5.36

18:50:01      frmpg/s   bufpg/s   campg/s
19:00:01        -0.45      0.00      0.38
19:10:01        -0.18      0.00      0.05
19:20:01       -25.04      0.00     15.47
19:30:01         0.06      0.00      0.00
19:40:01        -0.06      0.00      0.01
19:50:01         0.02      0.00      0.00
20:00:01         0.08      0.00     -0.02
20:10:01        -0.02      0.00      0.03
20:20:01         0.04      0.00      0.06
20:30:01        -0.10      0.00      0.00
20:40:01         0.07      0.00      0.00
20:50:01        -0.06      0.00      0.05
21:00:01        -0.01      0.00      0.01
21:10:01         0.01      0.00      0.01
21:20:01        -0.08      0.00     -0.01
21:30:01         0.01      0.00      0.00
21:40:01         0.00      0.00      0.00
21:50:01         0.01      0.00      0.00
22:00:01        -0.02      0.00      0.00
22:10:01        -0.07      0.00      0.07
22:20:01        -0.03      0.00     -0.01
22:30:01         0.05      0.00      0.00
22:40:01        -0.10      0.00      0.00
22:50:01         0.10      0.00      0.00
23:00:01        -0.08      0.00      0.00
23:10:01         0.01      0.00      0.00
23:20:01         0.02      0.00      0.00
23:30:01        -0.05      0.00      0.00
23:40:01         0.05      0.00      0.00
23:50:01        -0.08      0.00      0.00
Average:        -0.86      0.00      0.54

18:50:01    kbmemfree kbmemused  %memused kbbuffers  kbcached  kbcommit   %commit  kbactive   kbinact   kbdirty
19:00:01       623224    386164     38.26      2088    295140    186528     18.48    151292    168088       252
19:10:01       622804    386584     38.30      2088    295268    190464     18.87    151612    168116       220
19:20:01       562764    446624     44.25      2088    332368    188336     18.66    177692    179188       216
19:30:01       562896    446492     44.23      2088    332368    188336     18.66    177676    179196       224
19:40:01       562764    446624     44.25      2088    332380    187088     18.53    177836    179080       216
19:50:01       562804    446584     44.24      2088    332384    187088     18.53    177832    179088       216
20:00:01       562988    446400     44.22      2088    332336    187088     18.53    177564    179120       216
20:10:01       562936    446452     44.23      2088    332408    186520     18.48    177644    179080       216
20:20:01       563020    446368     44.22      2088    332544    186520     18.48    177672    179216       216
20:30:01       562780    446608     44.25      2088    332548    186520     18.48    177692    179200       252
20:40:01       562936    446452     44.23      2088    332552    186520     18.48    177696    179204       216
20:50:01       562804    446584     44.24      2088    332680    186520     18.48    177700    179320       252
21:00:01       562772    446616     44.25      2088    332692    186520     18.48    177772    179292       252
21:10:01       562804    446584     44.24      2088    332724    186520     18.48    177796    179300       280
21:20:01       562624    446764     44.26      2088    332700    186520     18.48    177772    179300       296
21:30:01       562648    446740     44.26      2088    332708    186520     18.48    177772    179308       300
21:40:01       562656    446732     44.26      2088    332712    186520     18.48    177808    179312       296
21:50:01       562688    446700     44.25      2088    332720    186520     18.48    177800    179316       300
22:00:01       562648    446740     44.26      2088    332724    186520     18.48    177800    179320       300
22:10:01       562492    446896     44.27      2088    332892    186520     18.48    178068    179212       304
22:20:01       562432    446956     44.28      2088    332872    186520     18.48    178096    179240       252
22:30:01       562556    446832     44.27      2088    332872    186520     18.48    178060    179240       252
22:40:01       562316    447072     44.29      2088    332880    186520     18.48    178096    179244       304
22:50:01       562556    446832     44.27      2088    332884    186520     18.48    178060    179252       300
23:00:01       562376    447012     44.29      2088    332888    186520     18.48    178064    179252       252
23:10:01       562400    446988     44.28      2088    332892    186520     18.48    178064    179256       300
23:20:01       562440    446948     44.28      2088    332900    186520     18.48    178092    179264       300
23:30:01       562316    447072     44.29      2088    332904    186520     18.48    178116    179244       304
23:40:01       562440    446948     44.28      2088    332908    186520     18.48    178116    179248       300
23:50:01       562252    447136     44.30      2088    332916    186520     18.48    178144    179224       300
Average:       566671    442717     43.86      2088    330192    186830     18.51    176113    178491       263

18:50:01    kbswpfree kbswpused  %swpused  kbswpcad   %swpcad
19:00:01            0         0      0.00         0      0.00
19:10:01            0         0      0.00         0      0.00
19:20:01            0         0      0.00         0      0.00
19:30:01            0         0      0.00         0      0.00
19:40:01            0         0      0.00         0      0.00
19:50:01            0         0      0.00         0      0.00
20:00:01            0         0      0.00         0      0.00
20:10:01            0         0      0.00         0      0.00
20:20:01            0         0      0.00         0      0.00
20:30:01            0         0      0.00         0      0.00
20:40:01            0         0      0.00         0      0.00
20:50:01            0         0      0.00         0      0.00
21:00:01            0         0      0.00         0      0.00
21:10:01            0         0      0.00         0      0.00
21:20:01            0         0      0.00         0      0.00
21:30:01            0         0      0.00         0      0.00
21:40:01            0         0      0.00         0      0.00
21:50:01            0         0      0.00         0      0.00
22:00:01            0         0      0.00         0      0.00
22:10:01            0         0      0.00         0      0.00
22:20:01            0         0      0.00         0      0.00
22:30:01            0         0      0.00         0      0.00
22:40:01            0         0      0.00         0      0.00
22:50:01            0         0      0.00         0      0.00
23:00:01            0         0      0.00         0      0.00
23:10:01            0         0      0.00         0      0.00
23:20:01            0         0      0.00         0      0.00
23:30:01            0         0      0.00         0      0.00
23:40:01            0         0      0.00         0      0.00
23:50:01            0         0      0.00         0      0.00
Average:            0         0      0.00         0      0.00

18:50:01    kbhugfree kbhugused  %hugused
19:00:01            0         0      0.00
19:10:01            0         0      0.00
19:20:01            0         0      0.00
19:30:01            0         0      0.00
19:40:01            0         0      0.00
19:50:01            0         0      0.00
20:00:01            0         0      0.00
20:10:01            0         0      0.00
20:20:01            0         0      0.00
20:30:01            0         0      0.00
20:40:01            0         0      0.00
20:50:01            0         0      0.00
21:00:01            0         0      0.00
21:10:01            0         0      0.00
21:20:01            0         0      0.00
21:30:01            0         0      0.00
21:40:01            0         0      0.00
21:50:01            0         0      0.00
22:00:01            0         0      0.00
22:10:01            0         0      0.00
22:20:01            0         0      0.00
22:30:01            0         0      0.00
22:40:01            0         0      0.00
22:50:01            0         0      0.00
23:00:01            0         0      0.00
23:10:01            0         0      0.00
23:20:01            0         0      0.00
23:30:01            0         0      0.00
23:40:01            0         0      0.00
23:50:01            0         0      0.00
Average:            0         0      0.00

18:50:01    dentunusd   file-nr  inode-nr    pty-nr
19:00:01        15898       960     18985         1
19:10:01        15922       960     19009         1
19:20:01        27942       960     29808         1
19:30:01        27949       960     29808         1
19:40:01        27960       960     29808         1
19:50:01        27967       960     29809         1
20:00:01        27965       960     29788         1
20:10:01        27977       960     29788         1
20:20:01        27983       960     29788         1
20:30:01        27986       960     29785         1
20:40:01        27992       960     29785         1
20:50:01        27998       960     29785         1
21:00:01        28004       960     29785         1
21:10:01        28016       960     29785         1
21:20:01        28022       960     29785         1
21:30:01        28028       960     29785         1
21:40:01        28034       960     29785         1
21:50:01        28040       960     29785         1
22:00:01        28046       960     29785         1
22:10:01        28058       960     29785         1
22:20:01        28064       960     29785         1
22:30:01        28070       960     29785         1
22:40:01        28076       960     29785         1
22:50:01        28082       960     29785         1
23:00:01        28088       960     29785         1
23:10:01        28100       960     29785         1
23:20:01        28106       960     29785         1
23:30:01        28112       960     29785         1
23:40:01        28118       960     29785         1
23:50:01        28124       960     29785         1
Average:        27224       960     29069         1

18:50:01      runq-sz  plist-sz   ldavg-1   ldavg-5  ldavg-15   blocked
19:00:01            0        96      0.00      0.00      0.00         0
19:10:01            0        97      0.00      0.00      0.00         0
19:20:01            1        97      0.15      0.06      0.02         0
19:30:01            0        96      0.00      0.00      0.00         0
19:40:01            0        97      0.00      0.00      0.00         0
19:50:01            0        97      0.00      0.00      0.00         0
20:00:01            0        96      0.00      0.00      0.00         0
20:10:01            0        96      0.00      0.00      0.00         0
20:20:01            0        95      0.00      0.00      0.00         0
20:30:01            2        96      0.00      0.00      0.00         0
20:40:01            0        96      0.00      0.00      0.00         0
20:50:01            0        96      0.00      0.00      0.00         0
21:00:01            2        96      0.00      0.00      0.00         0
21:10:01            0        96      0.00      0.00      0.00         0
21:20:01            0        96      0.00      0.00      0.00         0
21:30:01            2        96      0.00      0.00      0.00         0
21:40:01            0        96      0.00      0.00      0.00         0
21:50:01            0        96      0.00      0.00      0.00         0
22:00:01            0        96      0.00      0.00      0.00         0
22:10:01            0        96      0.00      0.00      0.00         0
22:20:01            0        96      0.00      0.00      0.00         0
22:30:01            0        96      0.00      0.00      0.00         0
22:40:01            2        96      0.00      0.00      0.00         0
22:50:01            0        96      0.00      0.00      0.00         0
23:00:01            0        96      0.00      0.00      0.00         0
23:10:01            1        96      0.00      0.00      0.00         0
23:20:01            0        96      0.00      0.00      0.00         0
23:30:01            2        96      0.00      0.00      0.00         0
23:40:01            0        96      0.00      0.00      0.00         0
23:50:01            0        96      0.00      0.00      0.00         0
Average:            0        96      0.01      0.00      0.00         0

18:50:01          TTY   rcvin/s   xmtin/s framerr/s prtyerr/s     brk/s   ovrun/s
19:00:01            0      0.00      0.00      0.00      0.00      0.00      0.00
19:10:01            0      0.00      0.00      0.00      0.00      0.00      0.00
19:20:01            0      0.00      0.00      0.00      0.00      0.00      0.00
19:30:01            0      0.00      0.00      0.00      0.00      0.00      0.00
19:40:01            0      0.00      0.00      0.00      0.00      0.00      0.00
19:50:01            0      0.00      0.00      0.00      0.00      0.00      0.00
20:00:01            0      0.00      0.00      0.00      0.00      0.00      0.00
20:10:01            0      0.00      0.00      0.00      0.00      0.00      0.00
20:20:01            0      0.00      0.00      0.00      0.00      0.00      0.00
20:30:01            0      0.00      0.00      0.00      0.00      0.00      0.00
20:40:01            0      0.00      0.00      0.00      0.00      0.00      0.00
20:50:01            0      0.00      0.00      0.00      0.00      0.00      0.00
21:00:01            0      0.00      0.00      0.00      0.00      0.00      0.00
21:10:01            0      0.00      0.00      0.00      0.00      0.00      0.00
21:20:01            0      0.00      0.00      0.00      0.00      0.00      0.00
21:30:01            0      0.00      0.00      0.00      0.00      0.00      0.00
21:40:01            0      0.00      0.00      0.00      0.00      0.00      0.00
21:50:01            0      0.00      0.00      0.00      0.00      0.00      0.00
22:00:01            0      0.00      0.00      0.00      0.00      0.00      0.00
22:10:01            0      0.00      0.00      0.00      0.00      0.00      0.00
22:20:01            0      0.00      0.00      0.00      0.00      0.00      0.00
22:30:01            0      0.00      0.00      0.00      0.00      0.00      0.00
22:40:01            0      0.00      0.00      0.00      0.00      0.00      0.00
22:50:01            0      0.00      0.00      0.00      0.00      0.00      0.00
23:00:01            0      0.00      0.00      0.00      0.00      0.00      0.00
23:10:01            0      0.00      0.00      0.00      0.00      0.00      0.00
23:20:01            0      0.00      0.00      0.00      0.00      0.00      0.00
23:30:01            0      0.00      0.00      0.00      0.00      0.00      0.00
23:40:01            0      0.00      0.00      0.00      0.00      0.00      0.00
23:50:01            0      0.00      0.00      0.00      0.00      0.00      0.00
Average:            0      0.00      0.00      0.00      0.00      0.00      0.00

18:50:01          DEV       tps  rd_sec/s  wr_sec/s  avgrq-sz  avgqu-sz     await     svctm     %util
19:00:01     dev202-0      0.73      3.00      8.47     15.78      0.00      1.56      0.34      0.02
19:10:01     dev202-0      0.46      0.17      4.84     10.84      0.00      1.17      0.07      0.00
19:20:01     dev202-0     14.44    146.37     29.03     12.15      0.01      0.73      0.61      0.88
19:30:01     dev202-0      0.34      0.00      3.72     10.90      0.00      0.51      0.08      0.00
19:40:01     dev202-0      0.38      0.00      4.24     11.11      0.00      0.52      0.05      0.00
19:50:01     dev202-0      0.34      0.00      3.84     11.24      0.00      0.41      0.06      0.00
20:00:01     dev202-0      0.40      0.00      4.59     11.58      0.00      1.08      0.08      0.00
20:10:01     dev202-0      0.45      0.00      4.87     10.91      0.00      1.10      0.04      0.00
20:20:01     dev202-0      0.37      0.00      4.08     11.18      0.00      0.62      0.04      0.00
20:30:01     dev202-0      0.41      0.00      4.34     10.66      0.00      0.61      0.07      0.00
20:40:01     dev202-0      0.37      0.00      3.73     10.17      0.00      0.47      0.02      0.00
20:50:01     dev202-0      0.39      0.00      4.53     11.55      0.00      0.94      0.12      0.00
21:00:01     dev202-0      0.42      0.00      4.75     11.44      0.00      0.76      0.10      0.00
21:10:01     dev202-0      0.39      0.00      4.55     11.62      0.00      1.14      0.07      0.00
21:20:01     dev202-0      0.39      0.00      4.49     11.41      0.00      0.63      0.07      0.00
21:30:01     dev202-0      0.36      0.00      4.13     11.64      0.00      0.62      0.09      0.00
21:40:01     dev202-0      0.34      0.00      3.69     11.02      0.00      0.58      0.04      0.00
21:50:01     dev202-0      0.41      0.00      4.60     11.12      0.00      0.71      0.06      0.00
22:00:01     dev202-0      0.37      0.00      4.15     11.26      0.00      0.92      0.07      0.00
22:10:01     dev202-0      0.51      0.00      5.66     11.17      0.00      1.01      0.05      0.00
22:20:01     dev202-0      0.45      0.00      4.93     11.03      0.00      0.54      0.06      0.00
22:30:01     dev202-0      0.37      0.00      4.14     11.09      0.00      0.57      0.07      0.00
22:40:01     dev202-0      0.37      0.00      4.27     11.43      0.00      0.79      0.05      0.00
22:50:01     dev202-0      0.36      0.00      4.02     11.06      0.00      0.59      0.07      0.00
23:00:01     dev202-0      0.43      0.00      4.75     11.13      0.00      0.66      0.06      0.00
23:10:01     dev202-0      0.44      0.00      5.09     11.48      0.00      1.13      0.08      0.00
23:20:01     dev202-0      0.37      0.00      4.11     11.14      0.00      0.58      0.07      0.00
23:30:01     dev202-0      0.43      0.00      4.74     11.03      0.00      0.64      0.08      0.00
23:40:01     dev202-0      0.36      0.00      3.92     11.00      0.00      0.65      0.06      0.00
23:50:01     dev202-0      0.41      0.00      4.54     11.11      0.00      0.78      0.11      0.00
Average:     dev202-0      0.87      4.98      5.36     11.83      0.00      0.76      0.37      0.03

18:50:01        IFACE   rxpck/s   txpck/s    rxkB/s    txkB/s   rxcmp/s   txcmp/s  rxmcst/s
19:00:01           lo      0.00      0.00      0.00      0.00      0.00      0.00      0.00
19:00:01         eth0      1.41      0.97      0.10      0.16      0.00      0.00      0.00
19:10:01           lo      0.00      0.00      0.00      0.00      0.00      0.00      0.00
19:10:01         eth0      0.10      0.11      0.01      0.01      0.00      0.00      0.00
19:20:01           lo      0.00      0.00      0.00      0.00      0.00      0.00      0.00
19:20:01         eth0      0.11      0.12      0.01      0.01      0.00      0.00      0.00
19:30:01           lo      0.00      0.00      0.00      0.00      0.00      0.00      0.00
19:30:01         eth0      0.07      0.08      0.00      0.01      0.00      0.00      0.00
19:40:01           lo      0.00      0.00      0.00      0.00      0.00      0.00      0.00
19:40:01         eth0      0.07      0.08      0.01      0.01      0.00      0.00      0.00
19:50:01           lo      0.00      0.00      0.00      0.00      0.00      0.00      0.00
19:50:01         eth0      0.04      0.05      0.00      0.00      0.00      0.00      0.00
20:00:01           lo      0.00      0.00      0.00      0.00      0.00      0.00      0.00
20:00:01         eth0      0.05      0.06      0.00      0.00      0.00      0.00      0.00
20:10:01           lo      0.00      0.00      0.00      0.00      0.00      0.00      0.00
20:10:01         eth0      0.04      0.05      0.00      0.00      0.00      0.00      0.00
20:20:01           lo      0.00      0.00      0.00      0.00      0.00      0.00      0.00
20:20:01         eth0      0.04      0.05      0.00      0.00      0.00      0.00      0.00
20:30:01           lo      0.00      0.00      0.00      0.00      0.00      0.00      0.00
20:30:01         eth0      0.04      0.05      0.00      0.00      0.00      0.00      0.00
20:40:01           lo      0.00      0.00      0.00      0.00      0.00      0.00      0.00
20:40:01         eth0      0.04      0.04      0.00      0.00      0.00      0.00      0.00
20:50:01           lo      0.00      0.00      0.00      0.00      0.00      0.00      0.00
20:50:01         eth0      0.04      0.05      0.00      0.00      0.00      0.00      0.00
21:00:01           lo      0.00      0.00      0.00      0.00      0.00      0.00      0.00
21:00:01         eth0      0.08      0.09      0.01      0.01      0.00      0.00      0.00
21:10:01           lo      0.00      0.00      0.00      0.00      0.00      0.00      0.00
21:10:01         eth0      0.04      0.05      0.00      0.00      0.00      0.00      0.00
21:20:01           lo      0.00      0.00      0.00      0.00      0.00      0.00      0.00
21:20:01         eth0      0.05      0.05      0.00      0.00      0.00      0.00      0.00
21:30:01           lo      0.00      0.00      0.00      0.00      0.00      0.00      0.00
21:30:01         eth0      0.04      0.05      0.00      0.00      0.00      0.00      0.00
21:40:01           lo      0.00      0.00      0.00      0.00      0.00      0.00      0.00
21:40:01         eth0      0.05      0.05      0.00      0.00      0.00      0.00      0.00
21:50:01           lo      0.00      0.00      0.00      0.00      0.00      0.00      0.00
21:50:01         eth0      0.04      0.05      0.00      0.00      0.00      0.00      0.00
22:00:01           lo      0.00      0.00      0.00      0.00      0.00      0.00      0.00
22:00:01         eth0      0.04      0.04      0.00      0.00      0.00      0.00      0.00
22:10:01           lo      0.00      0.00      0.00      0.00      0.00      0.00      0.00
22:10:01         eth0      0.05      0.05      0.00      0.00      0.00      0.00      0.00
22:20:01           lo      0.00      0.00      0.00      0.00      0.00      0.00      0.00
22:20:01         eth0      0.04      0.05      0.00      0.00      0.00      0.00      0.00
22:30:01           lo      0.00      0.00      0.00      0.00      0.00      0.00      0.00
22:30:01         eth0      0.04      0.05      0.00      0.00      0.00      0.00      0.00
22:40:01           lo      0.00      0.00      0.00      0.00      0.00      0.00      0.00
22:40:01         eth0      0.05      0.05      0.00      0.00      0.00      0.00      0.00
22:50:01           lo      0.00      0.00      0.00      0.00      0.00      0.00      0.00
22:50:01         eth0      0.04      0.05      0.00      0.00      0.00      0.00      0.00
23:00:01           lo      0.00      0.00      0.00      0.00      0.00      0.00      0.00
23:00:01         eth0      0.04      0.05      0.00      0.00      0.00      0.00      0.00
23:10:01           lo      0.00      0.00      0.00      0.00      0.00      0.00      0.00
23:10:01         eth0      0.04      0.04      0.00      0.00      0.00      0.00      0.00
23:20:01           lo      0.00      0.00      0.00      0.00      0.00      0.00      0.00
23:20:01         eth0      0.03      0.04      0.00      0.00      0.00      0.00      0.00
23:30:01           lo      0.00      0.00      0.00      0.00      0.00      0.00      0.00
23:30:01         eth0      0.04      0.05      0.00      0.00      0.00      0.00      0.00
23:40:01           lo      0.00      0.00      0.00      0.00      0.00      0.00      0.00
23:40:01         eth0      0.03      0.04      0.00      0.00      0.00      0.00      0.00
23:50:01           lo      0.00      0.00      0.00      0.00      0.00      0.00      0.00
23:50:01         eth0      0.04      0.05      0.00      0.00      0.00      0.00      0.00
Average:           lo      0.00      0.00      0.00      0.00      0.00      0.00      0.00
Average:         eth0      0.09      0.09      0.01      0.01      0.00      0.00      0.00

18:50:01        IFACE   rxerr/s   txerr/s    coll/s  rxdrop/s  txdrop/s  txcarr/s  rxfram/s  rxfifo/s  txfifo/s
19:00:01           lo      0.00      0.00      0.00      0.00      0.00      0.00      0.00      0.00      0.00
19:00:01         eth0      0.00      0.00      0.00      0.00      0.00      0.00      0.00      0.00      0.00
19:10:01           lo      0.00      0.00      0.00      0.00      0.00      0.00      0.00      0.00      0.00
19:10:01         eth0      0.00      0.00      0.00      0.00      0.00      0.00      0.00      0.00      0.00
19:20:01           lo      0.00      0.00      0.00      0.00      0.00      0.00      0.00      0.00      0.00
19:20:01         eth0      0.00      0.00      0.00      0.00      0.00      0.00      0.00      0.00      0.00
19:30:01           lo      0.00      0.00      0.00      0.00      0.00      0.00      0.00      0.00      0.00
19:30:01         eth0      0.00      0.00      0.00      0.00      0.00      0.00      0.00      0.00      0.00
19:40:01           lo      0.00      0.00      0.00      0.00      0.00      0.00      0.00      0.00      0.00
19:40:01         eth0      0.00      0.00      0.00      0.00      0.00      0.00      0.00      0.00      0.00
19:50:01           lo      0.00      0.00      0.00      0.00      0.00      0.00      0.00      0.00      0.00
19:50:01         eth0      0.00      0.00      0.00      0.00      0.00      0.00      0.00      0.00      0.00
20:00:01           lo      0.00      0.00      0.00      0.00      0.00      0.00      0.00      0.00      0.00
20:00:01         eth0      0.00      0.00      0.00      0.00      0.00      0.00      0.00      0.00      0.00
20:10:01           lo      0.00      0.00      0.00      0.00      0.00      0.00      0.00      0.00      0.00
20:10:01         eth0      0.00      0.00      0.00      0.00      0.00      0.00      0.00      0.00      0.00
20:20:01           lo      0.00      0.00      0.00      0.00      0.00      0.00      0.00      0.00      0.00
20:20:01         eth0      0.00      0.00      0.00      0.00      0.00      0.00      0.00      0.00      0.00
20:30:01           lo      0.00      0.00      0.00      0.00      0.00      0.00      0.00      0.00      0.00
20:30:01         eth0      0.00      0.00      0.00      0.00      0.00      0.00      0.00      0.00      0.00
20:40:01           lo      0.00      0.00      0.00      0.00      0.00      0.00      0.00      0.00      0.00
20:40:01         eth0      0.00      0.00      0.00      0.00      0.00      0.00      0.00      0.00      0.00
20:50:01           lo      0.00      0.00      0.00      0.00      0.00      0.00      0.00      0.00      0.00
20:50:01         eth0      0.00      0.00      0.00      0.00      0.00      0.00      0.00      0.00      0.00
21:00:01           lo      0.00      0.00      0.00      0.00      0.00      0.00      0.00      0.00      0.00
21:00:01         eth0      0.00      0.00      0.00      0.00      0.00      0.00      0.00      0.00      0.00
21:10:01           lo      0.00      0.00      0.00      0.00      0.00      0.00      0.00      0.00      0.00
21:10:01         eth0      0.00      0.00      0.00      0.00      0.00      0.00      0.00      0.00      0.00
21:20:01           lo      0.00      0.00      0.00      0.00      0.00      0.00      0.00      0.00      0.00
21:20:01         eth0      0.00      0.00      0.00      0.00      0.00      0.00      0.00      0.00      0.00
21:30:01           lo      0.00      0.00      0.00      0.00      0.00      0.00      0.00      0.00      0.00
21:30:01         eth0      0.00      0.00      0.00      0.00      0.00      0.00      0.00      0.00      0.00
21:40:01           lo      0.00      0.00      0.00      0.00      0.00      0.00      0.00      0.00      0.00
21:40:01         eth0      0.00      0.00      0.00      0.00      0.00      0.00      0.00      0.00      0.00
21:50:01           lo      0.00      0.00      0.00      0.00      0.00      0.00      0.00      0.00      0.00
21:50:01         eth0      0.00      0.00      0.00      0.00      0.00      0.00      0.00      0.00      0.00
22:00:01           lo      0.00      0.00      0.00      0.00      0.00      0.00      0.00      0.00      0.00
22:00:01         eth0      0.00      0.00      0.00      0.00      0.00      0.00      0.00      0.00      0.00
22:10:01           lo      0.00      0.00      0.00      0.00      0.00      0.00      0.00      0.00      0.00
22:10:01         eth0      0.00      0.00      0.00      0.00      0.00      0.00      0.00      0.00      0.00
22:20:01           lo      0.00      0.00      0.00      0.00      0.00      0.00      0.00      0.00      0.00
22:20:01         eth0      0.00      0.00      0.00      0.00      0.00      0.00      0.00      0.00      0.00
22:30:01           lo      0.00      0.00      0.00      0.00      0.00      0.00      0.00      0.00      0.00
22:30:01         eth0      0.00      0.00      0.00      0.00      0.00      0.00      0.00      0.00      0.00
22:40:01           lo      0.00      0.00      0.00      0.00      0.00      0.00      0.00      0.00      0.00
22:40:01         eth0      0.00      0.00      0.00      0.00      0.00      0.00      0.00      0.00      0.00
22:50:01           lo      0.00      0.00      0.00      0.00      0.00      0.00      0.00      0.00      0.00
22:50:01         eth0      0.00      0.00      0.00      0.00      0.00      0.00      0.00      0.00      0.00
23:00:01           lo      0.00      0.00      0.00      0.00      0.00      0.00      0.00      0.00      0.00
23:00:01         eth0      0.00      0.00      0.00      0.00      0.00      0.00      0.00      0.00      0.00
23:10:01           lo      0.00      0.00      0.00      0.00      0.00      0.00      0.00      0.00      0.00
23:10:01         eth0      0.00      0.00      0.00      0.00      0.00      0.00      0.00      0.00      0.00
23:20:01           lo      0.00      0.00      0.00      0.00      0.00      0.00      0.00      0.00      0.00
23:20:01         eth0      0.00      0.00      0.00      0.00      0.00      0.00      0.00      0.00      0.00
23:30:01           lo      0.00      0.00      0.00      0.00      0.00      0.00      0.00      0.00      0.00
23:30:01         eth0      0.00      0.00      0.00      0.00      0.00      0.00      0.00      0.00      0.00
23:40:01           lo      0.00      0.00      0.00      0.00      0.00      0.00      0.00      0.00      0.00
23:40:01         eth0      0.00      0.00      0.00      0.00      0.00      0.00      0.00      0.00      0.00
23:50:01           lo      0.00      0.00      0.00      0.00      0.00      0.00      0.00      0.00      0.00
23:50:01         eth0      0.00      0.00      0.00      0.00      0.00      0.00      0.00      0.00      0.00
Average:           lo      0.00      0.00      0.00      0.00      0.00      0.00      0.00      0.00      0.00
Average:         eth0      0.00      0.00      0.00      0.00      0.00      0.00      0.00      0.00      0.00

18:50:01       call/s retrans/s    read/s   write/s  access/s  getatt/s
19:00:01         0.00      0.00      0.00      0.00      0.00      0.00
19:10:01         0.00      0.00      0.00      0.00      0.00      0.00
19:20:01         0.00      0.00      0.00      0.00      0.00      0.00
19:30:01         0.00      0.00      0.00      0.00      0.00      0.00
19:40:01         0.00      0.00      0.00      0.00      0.00      0.00
19:50:01         0.00      0.00      0.00      0.00      0.00      0.00
20:00:01         0.00      0.00      0.00      0.00      0.00      0.00
20:10:01         0.00      0.00      0.00      0.00      0.00      0.00
20:20:01         0.00      0.00      0.00      0.00      0.00      0.00
20:30:01         0.00      0.00      0.00      0.00      0.00      0.00
20:40:01         0.00      0.00      0.00      0.00      0.00      0.00
20:50:01         0.00      0.00      0.00      0.00      0.00      0.00
21:00:01         0.00      0.00      0.00      0.00      0.00      0.00
21:10:01         0.00      0.00      0.00      0.00      0.00      0.00
21:20:01         0.00      0.00      0.00      0.00      0.00      0.00
21:30:01         0.00      0.00      0.00      0.00      0.00      0.00
21:40:01         0.00      0.00      0.00      0.00      0.00      0.00
21:50:01         0.00      0.00      0.00      0.00      0.00      0.00
22:00:01         0.00      0.00      0.00      0.00      0.00      0.00
22:10:01         0.00      0.00      0.00      0.00      0.00      0.00
22:20:01         0.00      0.00      0.00      0.00      0.00      0.00
22:30:01         0.00      0.00      0.00      0.00      0.00      0.00
22:40:01         0.00      0.00      0.00      0.00      0.00      0.00
22:50:01         0.00      0.00      0.00      0.00      0.00      0.00
23:00:01         0.00      0.00      0.00      0.00      0.00      0.00
23:10:01         0.00      0.00      0.00      0.00      0.00      0.00
23:20:01         0.00      0.00      0.00      0.00      0.00      0.00
23:30:01         0.00      0.00      0.00      0.00      0.00      0.00
23:40:01         0.00      0.00      0.00      0.00      0.00      0.00
23:50:01         0.00      0.00      0.00      0.00      0.00      0.00
Average:         0.00      0.00      0.00      0.00      0.00      0.00

18:50:01      scall/s badcall/s  packet/s     udp/s     tcp/s     hit/s    miss/s   sread/s  swrite/s saccess/s sgetatt/s
19:00:01         0.00      0.00      0.00      0.00      0.00      0.00      0.00      0.00      0.00      0.00      0.00
19:10:01         0.00      0.00      0.00      0.00      0.00      0.00      0.00      0.00      0.00      0.00      0.00
19:20:01         0.00      0.00      0.00      0.00      0.00      0.00      0.00      0.00      0.00      0.00      0.00
19:30:01         0.00      0.00      0.00      0.00      0.00      0.00      0.00      0.00      0.00      0.00      0.00
19:40:01         0.00      0.00      0.00      0.00      0.00      0.00      0.00      0.00      0.00      0.00      0.00
19:50:01         0.00      0.00      0.00      0.00      0.00      0.00      0.00      0.00      0.00      0.00      0.00
20:00:01         0.00      0.00      0.00      0.00      0.00      0.00      0.00      0.00      0.00      0.00      0.00
20:10:01         0.00      0.00      0.00      0.00      0.00      0.00      0.00      0.00      0.00      0.00      0.00
20:20:01         0.00      0.00      0.00      0.00      0.00      0.00      0.00      0.00      0.00      0.00      0.00
20:30:01         0.00      0.00      0.00      0.00      0.00      0.00      0.00      0.00      0.00      0.00      0.00
20:40:01         0.00      0.00      0.00      0.00      0.00      0.00      0.00      0.00      0.00      0.00      0.00
20:50:01         0.00      0.00      0.00      0.00      0.00      0.00      0.00      0.00      0.00      0.00      0.00
21:00:01         0.00      0.00      0.00      0.00      0.00      0.00      0.00      0.00      0.00      0.00      0.00
21:10:01         0.00      0.00      0.00      0.00      0.00      0.00      0.00      0.00      0.00      0.00      0.00
21:20:01         0.00      0.00      0.00      0.00      0.00      0.00      0.00      0.00      0.00      0.00      0.00
21:30:01         0.00      0.00      0.00      0.00      0.00      0.00      0.00      0.00      0.00      0.00      0.00
21:40:01         0.00      0.00      0.00      0.00      0.00      0.00      0.00      0.00      0.00      0.00      0.00
21:50:01         0.00      0.00      0.00      0.00      0.00      0.00      0.00      0.00      0.00      0.00      0.00
22:00:01         0.00      0.00      0.00      0.00      0.00      0.00      0.00      0.00      0.00      0.00      0.00
22:10:01         0.00      0.00      0.00      0.00      0.00      0.00      0.00      0.00      0.00      0.00      0.00
22:20:01         0.00      0.00      0.00      0.00      0.00      0.00      0.00      0.00      0.00      0.00      0.00
22:30:01         0.00      0.00      0.00      0.00      0.00      0.00      0.00      0.00      0.00      0.00      0.00
22:40:01         0.00      0.00      0.00      0.00      0.00      0.00      0.00      0.00      0.00      0.00      0.00
22:50:01         0.00      0.00      0.00      0.00      0.00      0.00      0.00      0.00      0.00      0.00      0.00
23:00:01         0.00      0.00      0.00      0.00      0.00      0.00      0.00      0.00      0.00      0.00      0.00
23:10:01         0.00      0.00      0.00      0.00      0.00      0.00      0.00      0.00      0.00      0.00      0.00
23:20:01         0.00      0.00      0.00      0.00      0.00      0.00      0.00      0.00      0.00      0.00      0.00
23:30:01         0.00      0.00      0.00      0.00      0.00      0.00      0.00      0.00      0.00      0.00      0.00
23:40:01         0.00      0.00      0.00      0.00      0.00      0.00      0.00      0.00      0.00      0.00      0.00
23:50:01         0.00      0.00      0.00      0.00      0.00      0.00      0.00      0.00      0.00      0.00      0.00
Average:         0.00      0.00      0.00      0.00      0.00      0.00      0.00      0.00      0.00      0.00      0.00

18:50:01       totsck    tcpsck    udpsck    rawsck   ip-frag    tcp-tw
19:00:01          224         4         4         0         0         0
19:10:01          225         4         4         0         0         0
19:20:01          225         4         4         0         0         0
19:30:01          225         4         4         0         0         0
19:40:01          225         4         4         0         0         0
19:50:01          225         4         4         0         0         0
20:00:01          224         4         4         0         0         0
20:10:01          224         4         4         0         0         0
20:20:01          224         4         4         0         0         0
20:30:01          224         4         4         0         0         0
20:40:01          224         4         4         0         0         0
20:50:01          224         4         4         0         0         0
21:00:01          224         4         4         0         0         0
21:10:01          224         4         4         0         0         0
21:20:01          224         4         4         0         0         0
21:30:01          224         4         4         0         0         0
21:40:01          224         4         4         0         0         0
21:50:01          224         4         4         0         0         0
22:00:01          224         4         4         0         0         0
22:10:01          224         4         4         0         0         0
22:20:01          224         4         4         0         0         0
22:30:01          224         4         4         0         0         0
22:40:01          224         4         4         0         0         0
22:50:01          224         4         4         0         0         0
23:00:01          224         4         4         0         0         0
23:10:01          224         4         4         0         0         0
23:20:01          224         4         4         0         0         0
23:30:01          224         4         4         0         0         0
23:40:01          224         4         4         0         0         0
23:50:01          224         4         4         0         0         0
Average:          224         4         4         0         0         0
